35
0 1 1112.3539229939363
0 17 1401.606221447379
1 2 601.3952527248615
1 14 394.61690283108754
2 19 758.3905656058756
2 34 2583.1411111280777
3 4 1720.5994594907904
3 25 366.84124631780435
4 6 272.8552729928451
4 17 65.92799102050661
5 6 800.9564594907766
5 25 2235.0973692436755
6 7 3492.1420718521745
6 12 155.58679249859225
7 13 1061.4256921706767
7 27 668.6974278401256
8 14 476.681497438279
8 28 118.34061010490016
9 15 1397.690952964925
9 29 1892.9160705113156
10 16 1176.6809253149302
10 30 467.3697679568074
11 17 1123.5490643492165
11 31 363.8973069424944
12 18 835.1781247135248
12 33 1190.905642777798
13 19 222.72853431924702
13 33 582.3583518762309
14 20 222.59492357194492
15 21 1111.9138905508826
16 22 238.8205393177061
17 23 2841.1504712000033
18 24 1179.3253367921848
19 25 827.7567577495215
20 26 315.6992239458311
21 27 542.0378215586068
22 28 114.30004374452356
23 29 1715.147588401651
24 30 3801.4880310215367
25 31 2587.3904324627933
26 32 147.52711615157398
27 34 310.8649224341659
28 29 276.8180810568558
29 30 146.50085323983612
30 31 1702.1927035444608
31 32 1978.1699244503743
32 33 1477.235593938895
33 34 1242.2209948314348
